15
Andacollo
Coquimbo
La Higuera
La Serena
Paihuano
Vicuna
Combarbala
Monte Patria
Ovalle
Punitaqui
Rio Hurtado
Canela
Illapel
Los Vilos
Salamanca
0,0,0,0,0,14.7,9.5,3.5,0,0,0,0
0,0,0,0,0.15,9.6,8.4,2.21,0.1,0,0,0
0,0,0,0,0,11.4,10.2,2.9,0,0,0,0
0,0,0,0,0.2,10.2,9.9,2.3,0.02,0,0,0
0,0,0,0.1,0,19.2,11.3,3.1,0,0,0,0
0,0,0,0,0.2,10.4,14.2,3.6,0,0,0,0
0,0,0,0.8,2.6,13.6,19.3,3.93,0,0,0,0
0.2,0,0,0.2,0.2,16.6,17.94,3.52,0,0,0,0
0,0,0,0.6,0.2,15.2,16.45,2.9,0,0,0,0
0,0,0,0.2,0.1,15.77,18.1,2.8,0,0,0,0
0,0,0,0.4,0.3,13.9,13.6,2.6,0,0,0,0
0,0,0,0.3,0.3,21.3,14.6,3.9,0,0,0,0
0,0,0,0.9,2.9,22.9,16.19,3.9,0,0,0,0
0,0,0,0.1,0.4,17.5,18.6,3.6,0.3,0.1,0,0
0,0,0,1.8,4.1,23.1,19.7,4.1,0.1,0,0,0